{
 "cells": [
  {
   "cell_type": "code",
   "execution_count": 5,
   "metadata": {},
   "outputs": [],
   "source": [
    "import pandas as pd\n",
    "import warnings\n",
    "import numpy as np\n",
    "# warnings.filterwarnings(\"ignore\")\n",
    "import seaborn as sns\n",
    "import matplotlib.pyplot as plt\n",
    "from sklearn.linear_model import LinearRegression\n",
    "from sklearn.model_selection import train_test_split\n",
    "from sklearn.preprocessing import StandardScaler\n",
    "from sklearn.model_selection import GridSearchCV\n",
    "from sklearn.linear_model import LogisticRegression\n",
    "from sklearn import metrics\n",
    "from sklearn.ensemble import RandomForestClassifier\n",
    "from sklearn.neighbors import KNeighborsClassifier\n",
    "from sklearn.metrics import accuracy_score,classification_report,plot_confusion_matrix\n",
    "import scikitplot as skplt\n",
    "import plotly.express as px"
   ]
  },
  {
   "attachments": {},
   "cell_type": "markdown",
   "metadata": {},
   "source": [
    "### Read Data"
   ]
  },
  {
   "cell_type": "code",
   "execution_count": 6,
   "metadata": {},
   "outputs": [],
   "source": [
    "data = pd.read_csv('health_data.csv')"
   ]
  },
  {
   "cell_type": "code",
   "execution_count": 36,
   "metadata": {},
   "outputs": [
    {
     "data": {
      "text/plain": [
       "<bound method NDFrame.head of         Age  Sex  HighChol  CholCheck   BMI  Smoker  HeartDiseaseorAttack  \\\n",
       "0       4.0  1.0       0.0        1.0  26.0     0.0                   0.0   \n",
       "1      12.0  1.0       1.0        1.0  26.0     1.0                   0.0   \n",
       "2      13.0  1.0       0.0        1.0  26.0     0.0                   0.0   \n",
       "3      11.0  1.0       1.0        1.0  28.0     1.0                   0.0   \n",
       "4       8.0  0.0       0.0        1.0  29.0     1.0                   0.0   \n",
       "...     ...  ...       ...        ...   ...     ...                   ...   \n",
       "70687   6.0  0.0       1.0        1.0  37.0     0.0                   0.0   \n",
       "70688  10.0  1.0       1.0        1.0  29.0     1.0                   1.0   \n",
       "70689  13.0  0.0       1.0        1.0  25.0     0.0                   1.0   \n",
       "70690  11.0  0.0       1.0        1.0  18.0     0.0                   0.0   \n",
       "70691   9.0  0.0       1.0        1.0  25.0     0.0                   1.0   \n",
       "\n",
       "       PhysActivity  Fruits  Veggies  HvyAlcoholConsump  GenHlth  MentHlth  \\\n",
       "0               1.0     0.0      1.0                0.0      3.0       5.0   \n",
       "1               0.0     1.0      0.0                0.0      3.0       0.0   \n",
       "2               1.0     1.0      1.0                0.0      1.0       0.0   \n",
       "3               1.0     1.0      1.0                0.0      3.0       0.0   \n",
       "4               1.0     1.0      1.0                0.0      2.0       0.0   \n",
       "...             ...     ...      ...                ...      ...       ...   \n",
       "70687           0.0     0.0      1.0                0.0      4.0       0.0   \n",
       "70688           0.0     1.0      1.0                0.0      2.0       0.0   \n",
       "70689           0.0     1.0      0.0                0.0      5.0      15.0   \n",
       "70690           0.0     0.0      0.0                0.0      4.0       0.0   \n",
       "70691           1.0     1.0      0.0                0.0      2.0       0.0   \n",
       "\n",
       "       PhysHlth  DiffWalk  Diabetes  Hypertension  Stroke  \n",
       "0          30.0       0.0       0.0           1.0     0.0  \n",
       "1           0.0       0.0       0.0           1.0     1.0  \n",
       "2          10.0       0.0       0.0           0.0     0.0  \n",
       "3           3.0       0.0       0.0           1.0     0.0  \n",
       "4           0.0       0.0       0.0           0.0     0.0  \n",
       "...         ...       ...       ...           ...     ...  \n",
       "70687       0.0       0.0       1.0           0.0     0.0  \n",
       "70688       0.0       1.0       1.0           0.0     0.0  \n",
       "70689       0.0       1.0       1.0           1.0     0.0  \n",
       "70690       0.0       1.0       1.0           1.0     0.0  \n",
       "70691       0.0       0.0       1.0           1.0     0.0  \n",
       "\n",
       "[70692 rows x 18 columns]>"
      ]
     },
     "execution_count": 36,
     "metadata": {},
     "output_type": "execute_result"
    }
   ],
   "source": [
    "data.head"
   ]
  },
  {
   "cell_type": "code",
   "execution_count": 37,
   "metadata": {},
   "outputs": [
    {
     "data": {
      "text/plain": [
       "(70692, 18)"
      ]
     },
     "execution_count": 37,
     "metadata": {},
     "output_type": "execute_result"
    }
   ],
   "source": [
    "data.shape"
   ]
  },
  {
   "attachments": {},
   "cell_type": "markdown",
   "metadata": {},
   "source": [
    "#### Data vars visualization:"
   ]
  },
  {
   "cell_type": "code",
   "execution_count": 38,
   "metadata": {},
   "outputs": [
    {
     "data": {
      "text/plain": [
       "Index(['Age', 'Sex', 'HighChol', 'CholCheck', 'BMI', 'Smoker',\n",
       "       'HeartDiseaseorAttack', 'PhysActivity', 'Fruits', 'Veggies',\n",
       "       'HvyAlcoholConsump', 'GenHlth', 'MentHlth', 'PhysHlth', 'DiffWalk',\n",
       "       'Diabetes', 'Hypertension', 'Stroke'],\n",
       "      dtype='object')"
      ]
     },
     "execution_count": 38,
     "metadata": {},
     "output_type": "execute_result"
    }
   ],
   "source": [
    "data.columns"
   ]
  },
  {
   "cell_type": "code",
   "execution_count": 7,
   "metadata": {},
   "outputs": [
    {
     "data": {
      "text/html": [
       "<div>\n",
       "<style scoped>\n",
       "    .dataframe tbody tr th:only-of-type {\n",
       "        vertical-align: middle;\n",
       "    }\n",
       "\n",
       "    .dataframe tbody tr th {\n",
       "        vertical-align: top;\n",
       "    }\n",
       "\n",
       "    .dataframe thead th {\n",
       "        text-align: right;\n",
       "    }\n",
       "</style>\n",
       "<table border=\"1\" class=\"dataframe\">\n",
       "  <thead>\n",
       "    <tr style=\"text-align: right;\">\n",
       "      <th></th>\n",
       "      <th>Age</th>\n",
       "      <th>Sex</th>\n",
       "      <th>HighChol</th>\n",
       "      <th>CholCheck</th>\n",
       "      <th>BMI</th>\n",
       "      <th>Smoker</th>\n",
       "      <th>HeartDiseaseorAttack</th>\n",
       "      <th>PhysActivity</th>\n",
       "      <th>Fruits</th>\n",
       "      <th>Veggies</th>\n",
       "      <th>HvyAlcoholConsump</th>\n",
       "      <th>GenHlth</th>\n",
       "      <th>MentHlth</th>\n",
       "      <th>PhysHlth</th>\n",
       "      <th>DiffWalk</th>\n",
       "      <th>Diabetes</th>\n",
       "      <th>Hypertension</th>\n",
       "      <th>Stroke</th>\n",
       "    </tr>\n",
       "  </thead>\n",
       "  <tbody>\n",
       "    <tr>\n",
       "      <th>count</th>\n",
       "      <td>70692.000000</td>\n",
       "      <td>70692.000000</td>\n",
       "      <td>70692.000000</td>\n",
       "      <td>70692.000000</td>\n",
       "      <td>70692.000000</td>\n",
       "      <td>70692.000000</td>\n",
       "      <td>70692.000000</td>\n",
       "      <td>70692.000000</td>\n",
       "      <td>70692.000000</td>\n",
       "      <td>70692.000000</td>\n",
       "      <td>70692.000000</td>\n",
       "      <td>70692.000000</td>\n",
       "      <td>70692.000000</td>\n",
       "      <td>70692.000000</td>\n",
       "      <td>70692.000000</td>\n",
       "      <td>70692.000000</td>\n",
       "      <td>70692.000000</td>\n",
       "      <td>70692.000000</td>\n",
       "    </tr>\n",
       "    <tr>\n",
       "      <th>mean</th>\n",
       "      <td>8.584055</td>\n",
       "      <td>0.456997</td>\n",
       "      <td>0.525703</td>\n",
       "      <td>0.975259</td>\n",
       "      <td>29.856985</td>\n",
       "      <td>0.475273</td>\n",
       "      <td>0.147810</td>\n",
       "      <td>0.703036</td>\n",
       "      <td>0.611795</td>\n",
       "      <td>0.788774</td>\n",
       "      <td>0.042721</td>\n",
       "      <td>2.837082</td>\n",
       "      <td>3.752037</td>\n",
       "      <td>5.810417</td>\n",
       "      <td>0.252730</td>\n",
       "      <td>0.500000</td>\n",
       "      <td>0.563458</td>\n",
       "      <td>0.062171</td>\n",
       "    </tr>\n",
       "    <tr>\n",
       "      <th>std</th>\n",
       "      <td>2.852153</td>\n",
       "      <td>0.498151</td>\n",
       "      <td>0.499342</td>\n",
       "      <td>0.155336</td>\n",
       "      <td>7.113954</td>\n",
       "      <td>0.499392</td>\n",
       "      <td>0.354914</td>\n",
       "      <td>0.456924</td>\n",
       "      <td>0.487345</td>\n",
       "      <td>0.408181</td>\n",
       "      <td>0.202228</td>\n",
       "      <td>1.113565</td>\n",
       "      <td>8.155627</td>\n",
       "      <td>10.062261</td>\n",
       "      <td>0.434581</td>\n",
       "      <td>0.500004</td>\n",
       "      <td>0.495960</td>\n",
       "      <td>0.241468</td>\n",
       "    </tr>\n",
       "    <tr>\n",
       "      <th>min</th>\n",
       "      <td>1.000000</td>\n",
       "      <td>0.000000</td>\n",
       "      <td>0.000000</td>\n",
       "      <td>0.000000</td>\n",
       "      <td>12.000000</td>\n",
       "      <td>0.000000</td>\n",
       "      <td>0.000000</td>\n",
       "      <td>0.000000</td>\n",
       "      <td>0.000000</td>\n",
       "      <td>0.000000</td>\n",
       "      <td>0.000000</td>\n",
       "      <td>1.000000</td>\n",
       "      <td>0.000000</td>\n",
       "      <td>0.000000</td>\n",
       "      <td>0.000000</td>\n",
       "      <td>0.000000</td>\n",
       "      <td>0.000000</td>\n",
       "      <td>0.000000</td>\n",
       "    </tr>\n",
       "    <tr>\n",
       "      <th>25%</th>\n",
       "      <td>7.000000</td>\n",
       "      <td>0.000000</td>\n",
       "      <td>0.000000</td>\n",
       "      <td>1.000000</td>\n",
       "      <td>25.000000</td>\n",
       "      <td>0.000000</td>\n",
       "      <td>0.000000</td>\n",
       "      <td>0.000000</td>\n",
       "      <td>0.000000</td>\n",
       "      <td>1.000000</td>\n",
       "      <td>0.000000</td>\n",
       "      <td>2.000000</td>\n",
       "      <td>0.000000</td>\n",
       "      <td>0.000000</td>\n",
       "      <td>0.000000</td>\n",
       "      <td>0.000000</td>\n",
       "      <td>0.000000</td>\n",
       "      <td>0.000000</td>\n",
       "    </tr>\n",
       "    <tr>\n",
       "      <th>50%</th>\n",
       "      <td>9.000000</td>\n",
       "      <td>0.000000</td>\n",
       "      <td>1.000000</td>\n",
       "      <td>1.000000</td>\n",
       "      <td>29.000000</td>\n",
       "      <td>0.000000</td>\n",
       "      <td>0.000000</td>\n",
       "      <td>1.000000</td>\n",
       "      <td>1.000000</td>\n",
       "      <td>1.000000</td>\n",
       "      <td>0.000000</td>\n",
       "      <td>3.000000</td>\n",
       "      <td>0.000000</td>\n",
       "      <td>0.000000</td>\n",
       "      <td>0.000000</td>\n",
       "      <td>0.500000</td>\n",
       "      <td>1.000000</td>\n",
       "      <td>0.000000</td>\n",
       "    </tr>\n",
       "    <tr>\n",
       "      <th>75%</th>\n",
       "      <td>11.000000</td>\n",
       "      <td>1.000000</td>\n",
       "      <td>1.000000</td>\n",
       "      <td>1.000000</td>\n",
       "      <td>33.000000</td>\n",
       "      <td>1.000000</td>\n",
       "      <td>0.000000</td>\n",
       "      <td>1.000000</td>\n",
       "      <td>1.000000</td>\n",
       "      <td>1.000000</td>\n",
       "      <td>0.000000</td>\n",
       "      <td>4.000000</td>\n",
       "      <td>2.000000</td>\n",
       "      <td>6.000000</td>\n",
       "      <td>1.000000</td>\n",
       "      <td>1.000000</td>\n",
       "      <td>1.000000</td>\n",
       "      <td>0.000000</td>\n",
       "    </tr>\n",
       "    <tr>\n",
       "      <th>max</th>\n",
       "      <td>13.000000</td>\n",
       "      <td>1.000000</td>\n",
       "      <td>1.000000</td>\n",
       "      <td>1.000000</td>\n",
       "      <td>98.000000</td>\n",
       "      <td>1.000000</td>\n",
       "      <td>1.000000</td>\n",
       "      <td>1.000000</td>\n",
       "      <td>1.000000</td>\n",
       "      <td>1.000000</td>\n",
       "      <td>1.000000</td>\n",
       "      <td>5.000000</td>\n",
       "      <td>30.000000</td>\n",
       "      <td>30.000000</td>\n",
       "      <td>1.000000</td>\n",
       "      <td>1.000000</td>\n",
       "      <td>1.000000</td>\n",
       "      <td>1.000000</td>\n",
       "    </tr>\n",
       "  </tbody>\n",
       "</table>\n",
       "</div>"
      ],
      "text/plain": [
       "                Age           Sex      HighChol     CholCheck           BMI  \\\n",
       "count  70692.000000  70692.000000  70692.000000  70692.000000  70692.000000   \n",
       "mean       8.584055      0.456997      0.525703      0.975259     29.856985   \n",
       "std        2.852153      0.498151      0.499342      0.155336      7.113954   \n",
       "min        1.000000      0.000000      0.000000      0.000000     12.000000   \n",
       "25%        7.000000      0.000000      0.000000      1.000000     25.000000   \n",
       "50%        9.000000      0.000000      1.000000      1.000000     29.000000   \n",
       "75%       11.000000      1.000000      1.000000      1.000000     33.000000   \n",
       "max       13.000000      1.000000      1.000000      1.000000     98.000000   \n",
       "\n",
       "             Smoker  HeartDiseaseorAttack  PhysActivity        Fruits  \\\n",
       "count  70692.000000          70692.000000  70692.000000  70692.000000   \n",
       "mean       0.475273              0.147810      0.703036      0.611795   \n",
       "std        0.499392              0.354914      0.456924      0.487345   \n",
       "min        0.000000              0.000000      0.000000      0.000000   \n",
       "25%        0.000000              0.000000      0.000000      0.000000   \n",
       "50%        0.000000              0.000000      1.000000      1.000000   \n",
       "75%        1.000000              0.000000      1.000000      1.000000   \n",
       "max        1.000000              1.000000      1.000000      1.000000   \n",
       "\n",
       "            Veggies  HvyAlcoholConsump       GenHlth      MentHlth  \\\n",
       "count  70692.000000       70692.000000  70692.000000  70692.000000   \n",
       "mean       0.788774           0.042721      2.837082      3.752037   \n",
       "std        0.408181           0.202228      1.113565      8.155627   \n",
       "min        0.000000           0.000000      1.000000      0.000000   \n",
       "25%        1.000000           0.000000      2.000000      0.000000   \n",
       "50%        1.000000           0.000000      3.000000      0.000000   \n",
       "75%        1.000000           0.000000      4.000000      2.000000   \n",
       "max        1.000000           1.000000      5.000000     30.000000   \n",
       "\n",
       "           PhysHlth      DiffWalk      Diabetes  Hypertension        Stroke  \n",
       "count  70692.000000  70692.000000  70692.000000  70692.000000  70692.000000  \n",
       "mean       5.810417      0.252730      0.500000      0.563458      0.062171  \n",
       "std       10.062261      0.434581      0.500004      0.495960      0.241468  \n",
       "min        0.000000      0.000000      0.000000      0.000000      0.000000  \n",
       "25%        0.000000      0.000000      0.000000      0.000000      0.000000  \n",
       "50%        0.000000      0.000000      0.500000      1.000000      0.000000  \n",
       "75%        6.000000      1.000000      1.000000      1.000000      0.000000  \n",
       "max       30.000000      1.000000      1.000000      1.000000      1.000000  "
      ]
     },
     "execution_count": 7,
     "metadata": {},
     "output_type": "execute_result"
    }
   ],
   "source": [
    "data.describe()"
   ]
  },
  {
   "cell_type": "code",
   "execution_count": 19,
   "metadata": {},
   "outputs": [
    {
     "data": {
      "text/html": [
       "<div>\n",
       "<style scoped>\n",
       "    .dataframe tbody tr th:only-of-type {\n",
       "        vertical-align: middle;\n",
       "    }\n",
       "\n",
       "    .dataframe tbody tr th {\n",
       "        vertical-align: top;\n",
       "    }\n",
       "\n",
       "    .dataframe thead th {\n",
       "        text-align: right;\n",
       "    }\n",
       "</style>\n",
       "<table border=\"1\" class=\"dataframe\">\n",
       "  <thead>\n",
       "    <tr style=\"text-align: right;\">\n",
       "      <th></th>\n",
       "      <th>Age</th>\n",
       "      <th>Sex</th>\n",
       "      <th>HighChol</th>\n",
       "      <th>CholCheck</th>\n",
       "      <th>BMI</th>\n",
       "      <th>Smoker</th>\n",
       "      <th>HeartDiseaseorAttack</th>\n",
       "      <th>PhysActivity</th>\n",
       "      <th>Fruits</th>\n",
       "      <th>Veggies</th>\n",
       "      <th>HvyAlcoholConsump</th>\n",
       "      <th>GenHlth</th>\n",
       "      <th>MentHlth</th>\n",
       "      <th>PhysHlth</th>\n",
       "      <th>DiffWalk</th>\n",
       "      <th>Diabetes</th>\n",
       "      <th>Hypertension</th>\n",
       "      <th>Stroke</th>\n",
       "    </tr>\n",
       "  </thead>\n",
       "  <tbody>\n",
       "    <tr>\n",
       "      <th>Age</th>\n",
       "      <td>1.000000</td>\n",
       "      <td>-0.002315</td>\n",
       "      <td>0.240338</td>\n",
       "      <td>0.101743</td>\n",
       "      <td>-0.038648</td>\n",
       "      <td>0.105424</td>\n",
       "      <td>0.221878</td>\n",
       "      <td>-0.100753</td>\n",
       "      <td>0.061096</td>\n",
       "      <td>-0.018893</td>\n",
       "      <td>-0.057705</td>\n",
       "      <td>0.155624</td>\n",
       "      <td>-0.101746</td>\n",
       "      <td>0.084852</td>\n",
       "      <td>0.195265</td>\n",
       "      <td>0.278738</td>\n",
       "      <td>0.338132</td>\n",
       "      <td>0.123879</td>\n",
       "    </tr>\n",
       "    <tr>\n",
       "      <th>Sex</th>\n",
       "      <td>-0.002315</td>\n",
       "      <td>1.000000</td>\n",
       "      <td>0.017324</td>\n",
       "      <td>-0.007991</td>\n",
       "      <td>0.000827</td>\n",
       "      <td>0.112125</td>\n",
       "      <td>0.098161</td>\n",
       "      <td>0.051753</td>\n",
       "      <td>-0.088723</td>\n",
       "      <td>-0.052604</td>\n",
       "      <td>0.014164</td>\n",
       "      <td>-0.014555</td>\n",
       "      <td>-0.089204</td>\n",
       "      <td>-0.045957</td>\n",
       "      <td>-0.082248</td>\n",
       "      <td>0.044413</td>\n",
       "      <td>0.040819</td>\n",
       "      <td>0.003822</td>\n",
       "    </tr>\n",
       "    <tr>\n",
       "      <th>HighChol</th>\n",
       "      <td>0.240338</td>\n",
       "      <td>0.017324</td>\n",
       "      <td>1.000000</td>\n",
       "      <td>0.085981</td>\n",
       "      <td>0.131309</td>\n",
       "      <td>0.093398</td>\n",
       "      <td>0.181187</td>\n",
       "      <td>-0.090453</td>\n",
       "      <td>-0.047384</td>\n",
       "      <td>-0.042836</td>\n",
       "      <td>-0.025443</td>\n",
       "      <td>0.237778</td>\n",
       "      <td>0.083881</td>\n",
       "      <td>0.142610</td>\n",
       "      <td>0.162043</td>\n",
       "      <td>0.289213</td>\n",
       "      <td>0.316515</td>\n",
       "      <td>0.099786</td>\n",
       "    </tr>\n",
       "    <tr>\n",
       "      <th>CholCheck</th>\n",
       "      <td>0.101743</td>\n",
       "      <td>-0.007991</td>\n",
       "      <td>0.085981</td>\n",
       "      <td>1.000000</td>\n",
       "      <td>0.045648</td>\n",
       "      <td>-0.004331</td>\n",
       "      <td>0.043497</td>\n",
       "      <td>-0.008249</td>\n",
       "      <td>0.017384</td>\n",
       "      <td>0.000349</td>\n",
       "      <td>-0.027146</td>\n",
       "      <td>0.059213</td>\n",
       "      <td>-0.010660</td>\n",
       "      <td>0.034540</td>\n",
       "      <td>0.044430</td>\n",
       "      <td>0.115382</td>\n",
       "      <td>0.103283</td>\n",
       "      <td>0.022529</td>\n",
       "    </tr>\n",
       "    <tr>\n",
       "      <th>BMI</th>\n",
       "      <td>-0.038648</td>\n",
       "      <td>0.000827</td>\n",
       "      <td>0.131309</td>\n",
       "      <td>0.045648</td>\n",
       "      <td>1.000000</td>\n",
       "      <td>0.011551</td>\n",
       "      <td>0.060355</td>\n",
       "      <td>-0.170936</td>\n",
       "      <td>-0.084505</td>\n",
       "      <td>-0.056528</td>\n",
       "      <td>-0.058232</td>\n",
       "      <td>0.267888</td>\n",
       "      <td>0.104682</td>\n",
       "      <td>0.161862</td>\n",
       "      <td>0.246094</td>\n",
       "      <td>0.293373</td>\n",
       "      <td>0.241019</td>\n",
       "      <td>0.022931</td>\n",
       "    </tr>\n",
       "    <tr>\n",
       "      <th>Smoker</th>\n",
       "      <td>0.105424</td>\n",
       "      <td>0.112125</td>\n",
       "      <td>0.093398</td>\n",
       "      <td>-0.004331</td>\n",
       "      <td>0.011551</td>\n",
       "      <td>1.000000</td>\n",
       "      <td>0.124418</td>\n",
       "      <td>-0.079823</td>\n",
       "      <td>-0.074811</td>\n",
       "      <td>-0.029926</td>\n",
       "      <td>0.077835</td>\n",
       "      <td>0.152416</td>\n",
       "      <td>0.091257</td>\n",
       "      <td>0.120698</td>\n",
       "      <td>0.119789</td>\n",
       "      <td>0.085999</td>\n",
       "      <td>0.087438</td>\n",
       "      <td>0.064658</td>\n",
       "    </tr>\n",
       "    <tr>\n",
       "      <th>HeartDiseaseorAttack</th>\n",
       "      <td>0.221878</td>\n",
       "      <td>0.098161</td>\n",
       "      <td>0.181187</td>\n",
       "      <td>0.043497</td>\n",
       "      <td>0.060355</td>\n",
       "      <td>0.124418</td>\n",
       "      <td>1.000000</td>\n",
       "      <td>-0.098223</td>\n",
       "      <td>-0.019436</td>\n",
       "      <td>-0.036315</td>\n",
       "      <td>-0.037130</td>\n",
       "      <td>0.275868</td>\n",
       "      <td>0.075057</td>\n",
       "      <td>0.198416</td>\n",
       "      <td>0.232611</td>\n",
       "      <td>0.211523</td>\n",
       "      <td>0.210750</td>\n",
       "      <td>0.223394</td>\n",
       "    </tr>\n",
       "    <tr>\n",
       "      <th>PhysActivity</th>\n",
       "      <td>-0.100753</td>\n",
       "      <td>0.051753</td>\n",
       "      <td>-0.090453</td>\n",
       "      <td>-0.008249</td>\n",
       "      <td>-0.170936</td>\n",
       "      <td>-0.079823</td>\n",
       "      <td>-0.098223</td>\n",
       "      <td>1.000000</td>\n",
       "      <td>0.133813</td>\n",
       "      <td>0.149322</td>\n",
       "      <td>0.019111</td>\n",
       "      <td>-0.273548</td>\n",
       "      <td>-0.130090</td>\n",
       "      <td>-0.234500</td>\n",
       "      <td>-0.276868</td>\n",
       "      <td>-0.158666</td>\n",
       "      <td>-0.136102</td>\n",
       "      <td>-0.079985</td>\n",
       "    </tr>\n",
       "    <tr>\n",
       "      <th>Fruits</th>\n",
       "      <td>0.061096</td>\n",
       "      <td>-0.088723</td>\n",
       "      <td>-0.047384</td>\n",
       "      <td>0.017384</td>\n",
       "      <td>-0.084505</td>\n",
       "      <td>-0.074811</td>\n",
       "      <td>-0.019436</td>\n",
       "      <td>0.133813</td>\n",
       "      <td>1.000000</td>\n",
       "      <td>0.238605</td>\n",
       "      <td>-0.033246</td>\n",
       "      <td>-0.098687</td>\n",
       "      <td>-0.062102</td>\n",
       "      <td>-0.048572</td>\n",
       "      <td>-0.050784</td>\n",
       "      <td>-0.054077</td>\n",
       "      <td>-0.040852</td>\n",
       "      <td>-0.008996</td>\n",
       "    </tr>\n",
       "    <tr>\n",
       "      <th>Veggies</th>\n",
       "      <td>-0.018893</td>\n",
       "      <td>-0.052604</td>\n",
       "      <td>-0.042836</td>\n",
       "      <td>0.000349</td>\n",
       "      <td>-0.056528</td>\n",
       "      <td>-0.029926</td>\n",
       "      <td>-0.036315</td>\n",
       "      <td>0.149322</td>\n",
       "      <td>0.238605</td>\n",
       "      <td>1.000000</td>\n",
       "      <td>0.022090</td>\n",
       "      <td>-0.115795</td>\n",
       "      <td>-0.052359</td>\n",
       "      <td>-0.066896</td>\n",
       "      <td>-0.084072</td>\n",
       "      <td>-0.079293</td>\n",
       "      <td>-0.066624</td>\n",
       "      <td>-0.047601</td>\n",
       "    </tr>\n",
       "    <tr>\n",
       "      <th>HvyAlcoholConsump</th>\n",
       "      <td>-0.057705</td>\n",
       "      <td>0.014164</td>\n",
       "      <td>-0.025443</td>\n",
       "      <td>-0.027146</td>\n",
       "      <td>-0.058232</td>\n",
       "      <td>0.077835</td>\n",
       "      <td>-0.037130</td>\n",
       "      <td>0.019111</td>\n",
       "      <td>-0.033246</td>\n",
       "      <td>0.022090</td>\n",
       "      <td>1.000000</td>\n",
       "      <td>-0.058796</td>\n",
       "      <td>0.015626</td>\n",
       "      <td>-0.036257</td>\n",
       "      <td>-0.049294</td>\n",
       "      <td>-0.094853</td>\n",
       "      <td>-0.027030</td>\n",
       "      <td>-0.023395</td>\n",
       "    </tr>\n",
       "    <tr>\n",
       "      <th>GenHlth</th>\n",
       "      <td>0.155624</td>\n",
       "      <td>-0.014555</td>\n",
       "      <td>0.237778</td>\n",
       "      <td>0.059213</td>\n",
       "      <td>0.267888</td>\n",
       "      <td>0.152416</td>\n",
       "      <td>0.275868</td>\n",
       "      <td>-0.273548</td>\n",
       "      <td>-0.098687</td>\n",
       "      <td>-0.115795</td>\n",
       "      <td>-0.058796</td>\n",
       "      <td>1.000000</td>\n",
       "      <td>0.315077</td>\n",
       "      <td>0.552757</td>\n",
       "      <td>0.476639</td>\n",
       "      <td>0.407612</td>\n",
       "      <td>0.320540</td>\n",
       "      <td>0.189447</td>\n",
       "    </tr>\n",
       "    <tr>\n",
       "      <th>MentHlth</th>\n",
       "      <td>-0.101746</td>\n",
       "      <td>-0.089204</td>\n",
       "      <td>0.083881</td>\n",
       "      <td>-0.010660</td>\n",
       "      <td>0.104682</td>\n",
       "      <td>0.091257</td>\n",
       "      <td>0.075057</td>\n",
       "      <td>-0.130090</td>\n",
       "      <td>-0.062102</td>\n",
       "      <td>-0.052359</td>\n",
       "      <td>0.015626</td>\n",
       "      <td>0.315077</td>\n",
       "      <td>1.000000</td>\n",
       "      <td>0.380272</td>\n",
       "      <td>0.251489</td>\n",
       "      <td>0.087029</td>\n",
       "      <td>0.064294</td>\n",
       "      <td>0.087303</td>\n",
       "    </tr>\n",
       "    <tr>\n",
       "      <th>PhysHlth</th>\n",
       "      <td>0.084852</td>\n",
       "      <td>-0.045957</td>\n",
       "      <td>0.142610</td>\n",
       "      <td>0.034540</td>\n",
       "      <td>0.161862</td>\n",
       "      <td>0.120698</td>\n",
       "      <td>0.198416</td>\n",
       "      <td>-0.234500</td>\n",
       "      <td>-0.048572</td>\n",
       "      <td>-0.066896</td>\n",
       "      <td>-0.036257</td>\n",
       "      <td>0.552757</td>\n",
       "      <td>0.380272</td>\n",
       "      <td>1.000000</td>\n",
       "      <td>0.487976</td>\n",
       "      <td>0.213081</td>\n",
       "      <td>0.173922</td>\n",
       "      <td>0.164488</td>\n",
       "    </tr>\n",
       "    <tr>\n",
       "      <th>DiffWalk</th>\n",
       "      <td>0.195265</td>\n",
       "      <td>-0.082248</td>\n",
       "      <td>0.162043</td>\n",
       "      <td>0.044430</td>\n",
       "      <td>0.246094</td>\n",
       "      <td>0.119789</td>\n",
       "      <td>0.232611</td>\n",
       "      <td>-0.276868</td>\n",
       "      <td>-0.050784</td>\n",
       "      <td>-0.084072</td>\n",
       "      <td>-0.049294</td>\n",
       "      <td>0.476639</td>\n",
       "      <td>0.251489</td>\n",
       "      <td>0.487976</td>\n",
       "      <td>1.000000</td>\n",
       "      <td>0.272646</td>\n",
       "      <td>0.234784</td>\n",
       "      <td>0.192266</td>\n",
       "    </tr>\n",
       "    <tr>\n",
       "      <th>Diabetes</th>\n",
       "      <td>0.278738</td>\n",
       "      <td>0.044413</td>\n",
       "      <td>0.289213</td>\n",
       "      <td>0.115382</td>\n",
       "      <td>0.293373</td>\n",
       "      <td>0.085999</td>\n",
       "      <td>0.211523</td>\n",
       "      <td>-0.158666</td>\n",
       "      <td>-0.054077</td>\n",
       "      <td>-0.079293</td>\n",
       "      <td>-0.094853</td>\n",
       "      <td>0.407612</td>\n",
       "      <td>0.087029</td>\n",
       "      <td>0.213081</td>\n",
       "      <td>0.272646</td>\n",
       "      <td>1.000000</td>\n",
       "      <td>0.381516</td>\n",
       "      <td>0.125427</td>\n",
       "    </tr>\n",
       "    <tr>\n",
       "      <th>Hypertension</th>\n",
       "      <td>0.338132</td>\n",
       "      <td>0.040819</td>\n",
       "      <td>0.316515</td>\n",
       "      <td>0.103283</td>\n",
       "      <td>0.241019</td>\n",
       "      <td>0.087438</td>\n",
       "      <td>0.210750</td>\n",
       "      <td>-0.136102</td>\n",
       "      <td>-0.040852</td>\n",
       "      <td>-0.066624</td>\n",
       "      <td>-0.027030</td>\n",
       "      <td>0.320540</td>\n",
       "      <td>0.064294</td>\n",
       "      <td>0.173922</td>\n",
       "      <td>0.234784</td>\n",
       "      <td>0.381516</td>\n",
       "      <td>1.000000</td>\n",
       "      <td>0.129060</td>\n",
       "    </tr>\n",
       "    <tr>\n",
       "      <th>Stroke</th>\n",
       "      <td>0.123879</td>\n",
       "      <td>0.003822</td>\n",
       "      <td>0.099786</td>\n",
       "      <td>0.022529</td>\n",
       "      <td>0.022931</td>\n",
       "      <td>0.064658</td>\n",
       "      <td>0.223394</td>\n",
       "      <td>-0.079985</td>\n",
       "      <td>-0.008996</td>\n",
       "      <td>-0.047601</td>\n",
       "      <td>-0.023395</td>\n",
       "      <td>0.189447</td>\n",
       "      <td>0.087303</td>\n",
       "      <td>0.164488</td>\n",
       "      <td>0.192266</td>\n",
       "      <td>0.125427</td>\n",
       "      <td>0.129060</td>\n",
       "      <td>1.000000</td>\n",
       "    </tr>\n",
       "  </tbody>\n",
       "</table>\n",
       "</div>"
      ],
      "text/plain": [
       "                           Age       Sex  HighChol  CholCheck       BMI  \\\n",
       "Age                   1.000000 -0.002315  0.240338   0.101743 -0.038648   \n",
       "Sex                  -0.002315  1.000000  0.017324  -0.007991  0.000827   \n",
       "HighChol              0.240338  0.017324  1.000000   0.085981  0.131309   \n",
       "CholCheck             0.101743 -0.007991  0.085981   1.000000  0.045648   \n",
       "BMI                  -0.038648  0.000827  0.131309   0.045648  1.000000   \n",
       "Smoker                0.105424  0.112125  0.093398  -0.004331  0.011551   \n",
       "HeartDiseaseorAttack  0.221878  0.098161  0.181187   0.043497  0.060355   \n",
       "PhysActivity         -0.100753  0.051753 -0.090453  -0.008249 -0.170936   \n",
       "Fruits                0.061096 -0.088723 -0.047384   0.017384 -0.084505   \n",
       "Veggies              -0.018893 -0.052604 -0.042836   0.000349 -0.056528   \n",
       "HvyAlcoholConsump    -0.057705  0.014164 -0.025443  -0.027146 -0.058232   \n",
       "GenHlth               0.155624 -0.014555  0.237778   0.059213  0.267888   \n",
       "MentHlth             -0.101746 -0.089204  0.083881  -0.010660  0.104682   \n",
       "PhysHlth              0.084852 -0.045957  0.142610   0.034540  0.161862   \n",
       "DiffWalk              0.195265 -0.082248  0.162043   0.044430  0.246094   \n",
       "Diabetes              0.278738  0.044413  0.289213   0.115382  0.293373   \n",
       "Hypertension          0.338132  0.040819  0.316515   0.103283  0.241019   \n",
       "Stroke                0.123879  0.003822  0.099786   0.022529  0.022931   \n",
       "\n",
       "                        Smoker  HeartDiseaseorAttack  PhysActivity    Fruits  \\\n",
       "Age                   0.105424              0.221878     -0.100753  0.061096   \n",
       "Sex                   0.112125              0.098161      0.051753 -0.088723   \n",
       "HighChol              0.093398              0.181187     -0.090453 -0.047384   \n",
       "CholCheck            -0.004331              0.043497     -0.008249  0.017384   \n",
       "BMI                   0.011551              0.060355     -0.170936 -0.084505   \n",
       "Smoker                1.000000              0.124418     -0.079823 -0.074811   \n",
       "HeartDiseaseorAttack  0.124418              1.000000     -0.098223 -0.019436   \n",
       "PhysActivity         -0.079823             -0.098223      1.000000  0.133813   \n",
       "Fruits               -0.074811             -0.019436      0.133813  1.000000   \n",
       "Veggies              -0.029926             -0.036315      0.149322  0.238605   \n",
       "HvyAlcoholConsump     0.077835             -0.037130      0.019111 -0.033246   \n",
       "GenHlth               0.152416              0.275868     -0.273548 -0.098687   \n",
       "MentHlth              0.091257              0.075057     -0.130090 -0.062102   \n",
       "PhysHlth              0.120698              0.198416     -0.234500 -0.048572   \n",
       "DiffWalk              0.119789              0.232611     -0.276868 -0.050784   \n",
       "Diabetes              0.085999              0.211523     -0.158666 -0.054077   \n",
       "Hypertension          0.087438              0.210750     -0.136102 -0.040852   \n",
       "Stroke                0.064658              0.223394     -0.079985 -0.008996   \n",
       "\n",
       "                       Veggies  HvyAlcoholConsump   GenHlth  MentHlth  \\\n",
       "Age                  -0.018893          -0.057705  0.155624 -0.101746   \n",
       "Sex                  -0.052604           0.014164 -0.014555 -0.089204   \n",
       "HighChol             -0.042836          -0.025443  0.237778  0.083881   \n",
       "CholCheck             0.000349          -0.027146  0.059213 -0.010660   \n",
       "BMI                  -0.056528          -0.058232  0.267888  0.104682   \n",
       "Smoker               -0.029926           0.077835  0.152416  0.091257   \n",
       "HeartDiseaseorAttack -0.036315          -0.037130  0.275868  0.075057   \n",
       "PhysActivity          0.149322           0.019111 -0.273548 -0.130090   \n",
       "Fruits                0.238605          -0.033246 -0.098687 -0.062102   \n",
       "Veggies               1.000000           0.022090 -0.115795 -0.052359   \n",
       "HvyAlcoholConsump     0.022090           1.000000 -0.058796  0.015626   \n",
       "GenHlth              -0.115795          -0.058796  1.000000  0.315077   \n",
       "MentHlth             -0.052359           0.015626  0.315077  1.000000   \n",
       "PhysHlth             -0.066896          -0.036257  0.552757  0.380272   \n",
       "DiffWalk             -0.084072          -0.049294  0.476639  0.251489   \n",
       "Diabetes             -0.079293          -0.094853  0.407612  0.087029   \n",
       "Hypertension         -0.066624          -0.027030  0.320540  0.064294   \n",
       "Stroke               -0.047601          -0.023395  0.189447  0.087303   \n",
       "\n",
       "                      PhysHlth  DiffWalk  Diabetes  Hypertension    Stroke  \n",
       "Age                   0.084852  0.195265  0.278738      0.338132  0.123879  \n",
       "Sex                  -0.045957 -0.082248  0.044413      0.040819  0.003822  \n",
       "HighChol              0.142610  0.162043  0.289213      0.316515  0.099786  \n",
       "CholCheck             0.034540  0.044430  0.115382      0.103283  0.022529  \n",
       "BMI                   0.161862  0.246094  0.293373      0.241019  0.022931  \n",
       "Smoker                0.120698  0.119789  0.085999      0.087438  0.064658  \n",
       "HeartDiseaseorAttack  0.198416  0.232611  0.211523      0.210750  0.223394  \n",
       "PhysActivity         -0.234500 -0.276868 -0.158666     -0.136102 -0.079985  \n",
       "Fruits               -0.048572 -0.050784 -0.054077     -0.040852 -0.008996  \n",
       "Veggies              -0.066896 -0.084072 -0.079293     -0.066624 -0.047601  \n",
       "HvyAlcoholConsump    -0.036257 -0.049294 -0.094853     -0.027030 -0.023395  \n",
       "GenHlth               0.552757  0.476639  0.407612      0.320540  0.189447  \n",
       "MentHlth              0.380272  0.251489  0.087029      0.064294  0.087303  \n",
       "PhysHlth              1.000000  0.487976  0.213081      0.173922  0.164488  \n",
       "DiffWalk              0.487976  1.000000  0.272646      0.234784  0.192266  \n",
       "Diabetes              0.213081  0.272646  1.000000      0.381516  0.125427  \n",
       "Hypertension          0.173922  0.234784  0.381516      1.000000  0.129060  \n",
       "Stroke                0.164488  0.192266  0.125427      0.129060  1.000000  "
      ]
     },
     "execution_count": 19,
     "metadata": {},
     "output_type": "execute_result"
    }
   ],
   "source": [
    "corr"
   ]
  },
  {
   "cell_type": "code",
   "execution_count": 18,
   "metadata": {},
   "outputs": [
    {
     "data": {
      "text/plain": [
       "<AxesSubplot:>"
      ]
     },
     "execution_count": 18,
     "metadata": {},
     "output_type": "execute_result"
    },
    {
     "data": {
